91	106	81154	687658	0.0	2.2420642172774867
122	139	91248	713398	0.04315920900500278	2.51120785106383
256	275	81154	718440	0.0	2.615338602272727
74	258	81154	806036	0.0	3.1634514716981132
125	257	318543	909088	0.5381196889489953	3.5680525102040814
4	207	369010	914092	1.0142017749419954	3.901378012578616
86	263	733642	1016713	2.684314124260355	4.694615415115005
19	94	764513	1193760	2.847735959798995	5.233481410484669
56	90	323545	1193760	0.6037407155172414	5.233481410484669
22	281	857178	1282064	3.3549055135135135	5.400437163722827
273	288	800677	1629636	3.0275636558676546	5.846628245714285
190	210	718440	1897981	2.615338602272727	6.4785051326860845
28	149	949746	1928766	4.302367158811475	6.729898379581152
121	142	1282064	2279157	5.400437163722827	7.641116829383886
187	261	1225445	2357894	5.28697959030837	8.307622725490196
16	192	2115686	2688589	7.0972025352112675	9.14119338248529
43	67	2158130	3063816	7.114411272	9.641814806150467
36	99	800677	3863196	3.0275636558676546	11.320368116427433
101	149	2688589	4025269	9.14119338248529	11.361721328424153
74	159	2520315	4094505	8.776292227332458	11.580986610302352
142	277	3166663	4322846	10.085684024767803	12.305522684824902
95	290	3758631	4604872	10.742994558658435	13.124303289968651
36	277	4068725	4640621	11.400762594936708	13.458239167479675
58	136	728600	4852624	2.6724979850746267	14.432063392089692
96	178	4490616	5237697	13.029466251051893	15.671871775530342
2	85	4719317	5252708	13.68875647507788	16.386145187068117
39	254	3742464	5252708	10.687464562515599	16.386145187068117
5	102	4888504	5257737	14.525205064763995	16.564875342529557
134	219	4847605	5500326	14.36444795008726	17.43788513414634
158	284	4832568	5632086	14.222075069868996	17.59754024462366
105	253	5054803	5673789	15.06199845351474	17.840406006013744
47	183	5673789	6657713	17.840406006013744	20.175250577235772
30	285	5808443	6834997	18.734422638525565	21.134668133815552
85	200	5808443	6840637	18.734422638525565	21.156779863809522
211	265	5396054	6958404	16.972861786516855	21.596433439824946
22	239	5885029	7032449	19.12896158440367	21.81855412197393
143	185	6652712	7227820	20.122418768467476	22.171630150417826
63	107	6834997	7905349	21.134668133815552	23.20762787866109
94	283	6857118	8236535	21.193835635036496	23.71427771830986
5	97	7109178	8515007	22.049797739331026	24.167170104689205
16	247	7661991	8855433	22.763714089041095	24.909276639999998
108	230	7249541	9100072	22.342688636178863	25.398472140350876
100	296	8278798	9336777	23.827051997610514	25.908247368852457
53	272	8320333	9591114	23.903720268053856	26.34988713507109
27	104	6136292	9963827	19.568860493256263	27.238673079178884
114	281	8825924	10067957	24.884702615234374	27.64122120657277
146	269	9067866	10067957	25.388253880103136	27.64122120657277
91	122	8002482	10145877	23.428658352272727	27.856029897637793
56	255	9807156	10743195	26.91200326229508	29.062412614159292
82	253	9981438	11024006	27.298274684848487	29.44667233435395
76	232	10156695	11266053	27.978364183147033	30.257539270653513
177	211	10759194	12035408	29.10438692814371	31.299580020075965
172	241	11085632	12709882	29.666781837338263	32.46412748214286
179	255	11276098	12916387	30.49918561619433	33.00212897708674
62	200	11271087	13229507	30.431986580159062	33.51487210891357
200	228	12375598	14074295	31.819182028037382	34.546060323991036
111	123	11266053	15264208	30.257539270653513	35.67243535759097
121	281	13709858	15678083	34.43530977883008	37.05804694888179
18	241	15264208	15979963	35.67243535759097	37.85750565075034
112	282	14950433	15979963	35.08009100223114	37.85750565075034
200	294	15397000	16220777	36.01025888215488	38.59458318562431
135	185	15597150	16665526	36.844876409883724	38.95161941768827
90	147	12319915	16743762	31.696685504705883	39.26241832142857
24	88	15566343	16748770	36.44067940620032	39.342509476404494
65	216	17470395	18775657	40.37440217120106	42.515462530927834
27	128	17063721	18910440	40.06750796247655	42.66495586538461
177	236	17248351	18986774	40.185228966767376	43.09865651842752
227	247	17561478	19025195	40.78695350564035	43.423651376623376
31	86	17545779	19117014	40.65994742576847	43.50447193577982
62	129	17874574	19514601	41.42414482191781	44.04443490909091
12	102	17698043	19897414	40.96748407609988	45.022683365701305
77	258	19980624	22510873	45.662265124463524	47.89213065554232
41	121	19928867	23057652	45.21679221982211	48.60275152275862
121	263	20962494	23293884	46.82442752085967	48.910740437716264
245	266	20834477	24081209	46.72310438797815	49.75530373553719
116	136	23052571	24807672	48.58355817519312	50.61249844260355
2	293	23664063	31991644	49.18012012378426	51.32865806363438
102	243	23703079	32015103	49.23894051413494	51.34425306301667
128	139	23991163	33111913	49.53022915647482	52.01600000080646
161	251	24081209	33121973	49.75530373553719	52.151276874213835
215	248	25894874	36427767	50.93945648015564	53.30874077109396
125	292	23894638	36816347	49.39204402751004	53.409712769181176
172	181	30549572	37393896	51.003755663689304	53.760702883116885
43	96	24807672	37442443	50.61249844260355	53.92507628755869
127	242	33327504	37910081	52.38923983046875	54.444031508690614
70	280	37400373	39059918	53.7651362177476	56.040818480215826
180	273	37904744	39812380	54.3643130533929	56.49109616611977
129	138	37904744	40455822	54.3643130533929	57.29160645897205
124	146	37442443	40698736	53.92507628755869	57.66107339811066
157	296	37910081	40816363	54.444031508690614	57.83969855851064
24	98	38393160	40962043	55.627935503047894	58.14228478109453
14	63	40029537	42119869	56.70265809897109	59.023338007434944
65	205	38882414	42362356	55.98460861379311	59.54865720641282
89	274	41438731	42959004	58.333902415140415	60.973068774691356
1	167	42119869	42979255	59.023338007434944	61.141752483231706
237	293	40613445	43317755	57.53037384348442	61.808285733806564
20	84	42292253	43398606	59.181598972151896	61.884593562396006
162	223	41938614	43576369	58.65143691304348	62.2828400568252
2	266	42662170	43898412	60.128778979591836	62.7390270804829
187	234	42853636	43929518	60.81197904104803	62.919576704081635
58	159	44434847	46320311	63.843023078340195	66.26762155223881
34	213	42287210	47045349	59.17923280769231	67.96142661111111
33	217	46330413	47452940	66.3387579860465	68.62912463129771
55	134	46315139	47758298	66.2378551418064	69.14827913548388
186	224	44636342	47768777	64.13100983060109	69.20951004277643
22	298	46582299	47784370	66.90291707990012	69.2344705501421
132	154	46217201	47945932	66.02395071774976	69.54402270794078
131	150	46982506	48101032	67.73332654917127	69.76394046587424
243	261	47305722	48325783	68.367764908409	70.606966
137	150	47457957	48341223	68.69732936160715	70.73183571428571
3	57	47743102	48585460	69.00930747222222	71.28842254935239
139	165	47847003	48881750	69.31895305325443	71.59688517493662
11	86	47847003	49524935	69.31895305325443	72.01369850847458
115	232	49530076	50982366	72.0296249125	74.29478934527687
190	295	48585460	51039410	71.28842254935239	74.40120564326902
85	146	50304897	51567218	73.12198544295302	76.07899747013784
40	101	50982366	51847072	74.29478934527687	76.36429141801548
19	175	50777514	51857840	73.87340606981519	76.38045941027667
205	212	50795442	52012527	73.90665633752269	76.79676967356322
26	58	50876631	52090338	74.07120736842106	77.21103914576271
37	79	51303537	52100477	75.12777476372015	77.33654146857143
12	19	51168504	52690380	74.86876699194198	77.61254031198686
85	160	51885139	53168299	76.44181638357588	78.60174294
185	217	51562167	53198882	76.06170721892975	78.75545433777155
74	110	51363841	53215949	75.35300110924369	78.77969123826715
3	130	51536805	53597307	75.941103	79.72699454093144
124	190	52621796	53856806	77.54007293548388	80.5607750408974
67	276	53198882	53906328	78.75545433777155	80.76199820486367
72	103	53313739	54207743	79.3272154051447	81.73380658353511
103	120	53313739	54207743	79.3272154051447	81.73380658353511
176	228	53437428	54324895	79.53677322455941	81.81013466007906
28	269	53027985	54361310	78.31276136714976	81.97386662889518
183	264	53628295	55007794	79.82522312442008	83.16251987096774
160	270	53906328	55531049	80.76199820486367	84.05543928126697
182	185	54127368	55971965	81.37253846543778	85.03808985563751
28	275	54826230	56390506	82.80305806142034	85.63285095670996
13	223	55442835	56574994	83.79214833228839	86.22469409210525
225	235	55045718	56585084	83.23773146078432	86.29004771804017
23	151	55436731	56651299	83.64135687867267	86.39350321207547
199	208	56232882	56835288	85.35785185113541	87.43762306779661
96	108	56459277	56957877	85.85311771617786	87.8850075515695
55	175	56681808	57434796	86.60739465933744	88.72777137785016
64	230	56743186	57475715	86.77672028468079	88.83313313176895
276	279	56818297	57688192	87.31915371052631	89.83695492448513
137	243	56818297	57714818	87.31915371052631	89.90983756129032
161	225	56876256	57719972	87.77522233492253	89.99060810181818
131	253	57418318	58006012	88.70508179503464	91.08048824470806
82	265	57682103	58217463	89.71050191002278	91.76470006000001
31	40	57735008	58473601	90.15332432298136	92.16186460996354
74	119	57719972	58495589	89.99060810181818	92.29279730337079
113	239	57608082	58505610	89.26508044400674	92.36078135384615
69	115	58076240	58679612	91.19114332089552	93.19240347292256
77	203	55778732	58963023	84.74235775739645	93.56363416376307
194	290	56980725	59313328	87.90293931899265	94.04866087096775
61	119	58495589	59362203	92.29279730337079	94.3088113885918
156	165	58217463	59362203	91.76470006000001	94.3088113885918
57	273	58369739	59372630	91.93502842682926	94.38447496648044
93	167	59372630	59897827	94.38447496648044	96.46099416052832
124	234	59440277	60095558	94.69583016532619	96.96716237959184
147	250	59740244	60759540	95.91779056701031	98.04981226801154
49	57	59725100	60787907	95.75251310975611	98.22622140243904
95	292	59897827	60828807	96.46099416052832	98.47623906641365
15	272	59102263	60899253	93.68964022039575	98.776629314587
163	166	59831235	60954010	96.36573957575757	98.8528321780822
130	197	60090551	61113595	96.92449744196429	99.49761631347963
187	248	60299631	61130606	97.29584496551725	99.64569389122808
228	252	60339685	61416630	97.3451664006734	100.81270457324841
16	201	60954010	61624190	98.8528321780822	101.31678659385665
75	116	60985150	61651361	99.13188836750483	101.36692471509649
6	212	60985150	61674055	99.13188836750483	101.53666926817588
190	196	60990217	61890308	99.265120875	102.89307197352586
137	185	61416630	61927149	100.81270457324841	103.0096031163575
44	171	61384272	62457469	100.5459393653484	103.69739184077669
209	296	61779412	62668146	102.32032996584441	104.48780782432432
249	261	61821914	62765776	102.63893775450082	104.93925441630901
155	252	61890308	62785852	102.89307197352586	105.13042955128205
64	136	61815902	62791862	102.60959710406091	105.16165955096098
49	243	62358312	63017788	103.4983163377567	105.72408824532224
118	188	62188451	63162266	103.353733081761	106.10831985806452
84	100	62482689	63643478	103.80309970436068	107.21525178538884
29	278	62770787	63762425	104.99696842913907	107.29085871042327
20	167	62673148	64444167	104.62623821308858	108.266934
57	206	63101069	64444167	105.96830480088495	108.266934
64	215	63090866	64444167	105.82110971621621	108.266934
72	120	45427555	64444167	65.27144692299687	108.266934
